160
0.320986 0.220296 0.347386 1.34476 0
0.18338 0.125989 0.151771 1.13889 0
0.215649 0.154567 0.225834 1.21021 0
0.296752 0.226549 0.321724 0.895149 0
0.291318 0.224716 0.301135 0.808166 0
0.258674 0.228533 0.347051 1.26994 0
0.259056 0.223982 0.307517 1.21716 0
0.222085 0.15802 0.214899 1.1958 0
0.179682 0.0773059 0.12963 1.13881 0
0.110045 0.229788 0.332892 1.00271 0
0.284553 0.348731 0.254306 1.25784 0
0.341567 0.380845 0.280161 1.03366 0
0.200248 0.180523 0.215302 1.10653 0
0.241973 0.251091 0.222402 1.12636 0
0.106457 0.0359389 0.324431 1.19861 0
0.217892 0.277316 0.292657 1.09657 0
0.154631 0.190848 0.242047 0.687802 0
0.160668 0.174929 0.202797 0.778262 0
0.205768 0.193979 0.212243 0.986261 0
0.227859 0.175902 0.212011 1.19823 0
0.212755 0.24989 0.736657 1.30956 1
0.177482 0.288311 0.77918 1.40372 1
0.287123 0.494516 1.40975 1.21876 1
0.400626 0.431462 1.25949 1.24355 1
0.257391 0.301103 0.539481 0.829484 1
0.142551 0.637822 1.34876 1.44979 1
0.244545 0.339139 1.01508 1.15731 1
0.173911 0.299769 0.522366 0.578799 1
0.274623 0.456814 0.943806 0.861958 1
0.386815 0.809432 1.13427 1.6131 1
0.231596 0.348906 1.01334 1.23148 1
0.309367 0.469404 1.13234 1.40516 1
0.0823355 0.291805 0.894852 1.3274 1
0.0425416 0.322413 0.931185 1.40918 1
0.357689 0.393984 0.793238 0.948028 1
0.354085 0.417389 0.841158 1.00265 1
0.109057 0.149459 0.724535 1.21073 1
0.23162 0.395517 0.760941 1.09433 1
0.162713 0.319432 0.646686 0.970656 1
0.205213 0.445607 0.929232 1.40447 1
0.317103 0.708763 0.944075 1.06209 2
0.28926 1.15024 1.35577 1.29913 2
0.324496 1.42546 1.44345 1.31408 2
0.34118 1.3523 1.363 1.1901 2
0.194589 0.842103 0.929137 0.919537 2
0.219805 0.955561 1.02124 0.963795 2
0.324396 1.38184 1.4121 1.02865 2
0.260022 1.57193 1.54087 1.08407 2
0.307467 1.24612 1.08065 0.728262 2
0.184997 1.57912 1.64841 1.44095 2
0.30862 1.07992 1.12402 1.13479 2
0.124482 0.981092 1.04889 0.836601 2
0.126667 1.04121 1.12056 0.849226 2
0.254921 1.41381 1.50327 1.22316 2
0.270683 1.37003 1.45973 1.22543 2
0.271525 1.33305 1.44051 1.25341 2
0.299086 1.11513 1.23221 1.18498 2
0.258185 0.968278 1.02106 0.894037 2
0.274806 0.905343 0.982079 0.878649 2
0.230153 0.950904 1.06241 0.949484 2
1.02587 0.264 0.638642 1.33273 3
1.01257 0.238199 0.637706 1.36067 3
1.08291 0.418278 0.979667 1.54809 3
1.3111 0.109528 1.41248 1.45035 3
1.05143 0.235773 1.3071 1.45298 3
0.624043 0.237065 0.622794 0.989678 3
0.532698 0.261952 0.594224 0.890413 3
0.561864 0.255654 0.568149 0.870821 3
0.567718 0.243179 0.60561 0.859932 3
0.60368 0.385983 0.673229 0.898653 3
0.616962 0.459034 0.779627 0.825223 3
0.674561 0.341494 0.798649 0.805437 3
0.883496 0.274198 0.922507 1.03563 3
0.781604 0.658097 0.693557 0.762627 3
0.759556 0.465164 0.848009 1.00588 3
0.728861 0.432555 0.884579 1.05342 3
0.692589 0.415744 0.93432 0.904764 3
0.742728 0.7597 1.12675 1.08779 3
1.00048 0.359579 1.03815 1.17341 3
0.763302 0.298687 0.805741 0.849568 3
0.79714 0.724535 0.792802 0.986962 4
0.669086 0.877716 0.89349 0.923192 4
0.874043 1.28478 1.22607 1.02221 4
1.33313 1.71672 1.60292 1.2117 4
1.61311 2.0293 1.94918 1.69052 4
1.59275 1.98478 1.94946 1.71884 4
1.15085 1.61842 1.61652 1.39018 4
0.484688 0.725509 0.769231 0.779496 4
0.410988 0.747723 0.760998 0.627022 4
0.540296 0.779697 0.760071 0.621917 4
0.560895 0.953571 0.944264 0.757945 4
0.746721 1.24258 1.31874 1.16352 4
0.233494 0.978801 1.14942 1.13055 4
0.667045 1.00343 1.00998 0.967288 4
0.721451 0.976446 0.933581 0.798344 4
0.80131 1.06918 1.02496 0.877972 4
1.21012 1.76064 1.84154 1.46355 4
1.21554 1.65783 1.70832 1.33097 4
1.33845 1.68686 1.62973 1.21783 4
0.849449 1.30163 1.22432 1.12657 4
0.88493 1.31282 0.817407 0.181551 7
0.986164 1.38588 0.935192 0.193198 7
0.772931 1.02289 0.817022 0.241011 7
0.600409 0.84094 0.800136 0.187568 7
0.888877 1.17136 0.866958 0.205504 7
1.00464 1.51556 1.05288 0.113221 7
0.681706 0.82145 0.518483 0.301017 7
0.457963 0.41012 0.317979 0.319861 7
1.06497 1.2316 0.76837 0.492834 7
0.758412 0.965607 0.745322 0.386473 7
0.91333 1.21262 0.838643 0.100954 7
0.976073 1.29172 0.900682 0.203037 7
0.739498 1.07243 0.480957 0.409086 7
0.729704 1.04237 0.752896 0.554701 7
0.954698 0.761861 0.257466 0.369155 7
0.851706 1.169 1.00193 0.295858 7
0.703787 0.900123 0.692727 0.0941696 7
0.696666 0.925224 0.760999 0.155557 7
0.857978 1.22618 0.971517 0.230288 7
1.03916 1.44124 1.35051 0.330773 7
1.27312 1.4531 0.0529082 1.02662 6
1.35112 1.61186 0.23345 1.22748 6
0.605004 0.821209 0.119549 0.809773 6
1.08632 1.30772 0.134149 0.810301 6
1.04583 1.28958 0.599509 1.06826 6
0.617058 0.948772 0.256248 0.210506 6
0.605895 0.939612 0.425166 0.335115 6
1.01564 1.16396 0.557623 0.719047 6
1.00792 1.29296 0.201186 0.943627 6
0.859496 1.0755 0.251715 0.391788 6
0.622609 0.919576 0.266347 0.335613 6
0.788866 1.2001 0.27958 0.235434 6
1.08646 1.54031 0.325135 1.07855 6
0.87775 0.181652 0.294864 0.456491 6
0.41078 0.547513 0.485672 0.360038 6
0.607197 0.818252 0.324118 0.877846 6
0.682782 0.957238 0.464712 0.838212 6
1.0167 1.28116 0.148078 0.853029 6
1.60557 1.92886 0.69398 1.15523 6
1.10434 1.44896 0.861444 1.06334 6
0.886842 0.985041 0.118805 0.0761861 5
0.914833 1.04748 0.168509 0.0636837 5
1.01893 1.30613 0.215565 0.19223 5
0.489326 0.39249 0.469901 0.568908 5
1.18028 1.55132 0.112321 0.274467 5
0.875192 1.18444 0.108892 0.109435 5
0.73817 1.02441 0.179328 0.0993094 5
0.761231 1.11584 0.0300719 0.25603 5
0.646079 0.92701 0.191468 0.22963 5
0.25532 0.551804 0.226694 0.408682 5
0.474922 0.816842 0.120933 0.203624 5
1.19967 1.663 0.142774 0.318264 5
1.04532 0.824311 0.439816 0.48027 5
0.485704 0.717018 0.139089 0.345093 5
0.511645 0.672527 0.00793779 0.17005 5
0.715342 0.952655 0.0430131 0.256551 5
0.99718 1.15554 0.0388548 0.177391 5
0.555878 0.548265 0.718758 0.804566 5
0.774743 0.465812 0.204982 0.33414 5
0.756556 0.942895 0.179025 0.31984 5
